lastAccountName: teamGBNisbets
timestamps:
  login: 1485986502270
  lastteleport: 1485989222355
ipAddress: 73.165.210.122
lastlocation:
  world: world
  x: -39.25758076119921
  y: 68.0
  z: 1.349515393869482
  yaw: -84.24577
  pitch: 19.242315
money: '404.5'
homes:
  home:
    world: world
    x: -55.624532648978835
    y: 70.0
    z: -89.52771359593484
    yaw: -121.649536
    pitch: 16.493446
