lastAccountName: Feryx
timestamps:
  login: 1485986842011
  lastteleport: 1485987263954
  logout: 1485989328918
ipAddress: 86.25.81.141
lastlocation:
  world: world
  x: -42.854548221871575
  y: 70.0
  z: -17.862148278619898
  yaw: -271.0504
  pitch: 13.799971
money: '322.75'
logoutlocation:
  world: world
  x: 1.7567159562770835
  y: 67.50556796637707
  z: -22.29279028046945
  yaw: -89.546875
  pitch: 6.7500634
