lastlocation:
  world: world
  x: -31.5
  y: 67.0
  z: -7.5
  yaw: 0.0
  pitch: 0.0
lastAccountName: Ku_Wah
timestamps:
  login: 1485990968630
  logout: 1485988727880
ipAddress: 212.123.178.117
logoutlocation:
  world: world
  x: -34.69439222453464
  y: 87.0
  z: 25.686666290278733
  yaw: 119.79737
  pitch: 19.81649
money: '0.5'
