lastAccountName: HeyImBob
timestamps:
  login: 1485988474527
  logout: 1485988714579
ipAddress: 174.56.190.222
lastlocation:
  world: world
  x: -29.5
  y: 67.0
  z: -0.5
  yaw: 0.0
  pitch: 0.0
logoutlocation:
  world: world
  x: -51.69185572989767
  y: 69.0
  z: -73.62504135392291
  yaw: -66.56738
  pitch: 77.8656
